# Radius (m)    Electric Field (a.u.)
4.999999999999999774e-07 1.000000000000000000e+00
1.000000000000000167e-06 9.998071119320989242e-01
1.500000000000000038e-06 9.993064623954098780e-01
2.000000000000000333e-06 9.985388589623619415e-01
2.500000000000000205e-06 9.975173131240280266e-01
3.000000000000000500e-06 9.962478746940479635e-01
3.500000000000000371e-06 9.947340227616318087e-01
4.000000000000000666e-06 9.929781310184895293e-01
4.500000000000000961e-06 9.909819975598541664e-01
5.000000000000001256e-06 9.887471540669141579e-01
5.500000000000001551e-06 9.862750073533791406e-01
6.000000000000000999e-06 9.835668883622626923e-01
6.500000000000001294e-06 9.806241208140706878e-01
7.000000000000001589e-06 9.774480576930483222e-01
7.500000000000001037e-06 9.740401118415263904e-01
8.000000000000001332e-06 9.704017559683348892e-01
8.500000000000001627e-06 9.665345226488025743e-01
9.000000000000001922e-06 9.624400070469192325e-01
9.500000000000002217e-06 9.581199042135589705e-01
1.000000000000000251e-05 9.535760005917440774e-01
1.050000000000000281e-05 9.488101800591532964e-01
1.100000000000000141e-05 9.438244287993509118e-01
1.150000000000000170e-05 9.386208353017864159e-01
1.200000000000000200e-05 9.332015903617945085e-01
1.250000000000000229e-05 9.275689870805954307e-01
1.300000000000000259e-05 9.217254208652942982e-01
1.350000000000000288e-05 9.156733906400678080e-01
1.400000000000000318e-05 9.094155224977389373e-01
1.450000000000000178e-05 9.029545736539751344e-01
1.500000000000000207e-05 8.962934229731145397e-01
1.550000000000000068e-05 8.894350708869764865e-01
1.600000000000000266e-05 8.823826393948606128e-01
1.650000000000000127e-05 8.751393720635476381e-01
1.699999999999999987e-05 8.677086340272986975e-01
1.750000000000000186e-05 8.600939119878557859e-01
1.800000000000000046e-05 8.522988142144415358e-01
1.850000000000000245e-05 8.443270705437594392e-01
1.900000000000000105e-05 8.361825323799935150e-01
1.950000000000000304e-05 8.278691726948084195e-01
2.000000000000000164e-05 8.193910860273500019e-01
2.050000000000000363e-05 8.107524884842443047e-01
2.100000000000000223e-05 8.019577355019388287e-01
2.150000000000000083e-05 7.930113630675782455e-01
2.200000000000000282e-05 7.839180211850420577e-01
2.250000000000000142e-05 7.746824705718996507e-01
2.300000000000000341e-05 7.653095831657152903e-01
2.350000000000000201e-05 7.558043421240482340e-01
2.400000000000000400e-05 7.461718418244527307e-01
2.450000000000000260e-05 7.364172878644780207e-01
2.500000000000000120e-05 7.265459970616682250e-01
2.550000000000000319e-05 7.165633974535623452e-01
2.600000000000000179e-05 7.064750282976945961e-01
2.650000000000000378e-05 6.962865386306971160e-01
2.700000000000000238e-05 6.860036429474978270e-01
2.750000000000000437e-05 6.756322020712589582e-01
2.800000000000000297e-05 6.651781744606973801e-01
2.850000000000000157e-05 6.546475791738612937e-01
2.900000000000000356e-05 6.440464958681304530e-01
2.950000000000000216e-05 6.333810648002161647e-01
3.000000000000000415e-05 6.226574868261610662e-01
3.050000000000000275e-05 6.118820234013397918e-01
3.100000000000000813e-05 6.010609965804576404e-01
3.150000000000000673e-05 5.902007890175522409e-01
3.200000000000000533e-05 5.793078439659922196e-01
3.250000000000000393e-05 5.683886382104991197e-01
3.300000000000000253e-05 5.574496036016021172e-01
3.350000000000000113e-05 5.464972960163341220e-01
3.400000000000000651e-05 5.355382593844940642e-01
3.450000000000000511e-05 5.245790066744397961e-01
3.500000000000000371e-05 5.136260198930879817e-01
3.550000000000000231e-05 5.026857500859144290e-01
3.600000000000000769e-05 4.917646173369535356e-01
3.650000000000000629e-05 4.808690107687995097e-01
3.700000000000000489e-05 4.700052885426046489e-01
3.750000000000000349e-05 4.591797778580806733e-01
3.800000000000000209e-05 4.483987749534982248e-01
3.850000000000000747e-05 4.376685448950414781e-01
3.900000000000000607e-05 4.269951960545472214e-01
3.950000000000000467e-05 4.163847011597322512e-01
4.000000000000000327e-05 4.058429888415039932e-01
4.050000000000000865e-05 3.953758752475947658e-01
4.100000000000000725e-05 3.849890640425626120e-01
4.150000000000000585e-05 3.746881402722394006e-01
4.200000000000000445e-05 3.644785209476579801e-01
4.250000000000000305e-05 3.543654960553209721e-01
4.300000000000000843e-05 3.443542159703928407e-01
4.350000000000000703e-05 3.344496851089077127e-01
4.400000000000000563e-05 3.246567533574314379e-01
4.450000000000000423e-05 3.149806975263810815e-01
4.500000000000000283e-05 3.054274466264386145e-01
4.550000000000000821e-05 2.960028805723136092e-01
4.600000000000000681e-05 2.867127951362427596e-01
4.650000000000000541e-05 2.775627403680547278e-01
4.700000000000000401e-05 2.685574168749326751e-01
4.750000000000000939e-05 2.597007985487315707e-01
4.800000000000000799e-05 2.509958077649681596e-01
4.850000000000000659e-05 2.424442569447560203e-01
4.900000000000000519e-05 2.340480328891850204e-01
4.950000000000000380e-05 2.258089150970212233e-01
5.000000000000000917e-05 2.177273938506037454e-01
5.050000000000000777e-05 2.098035500284912702e-01
5.100000000000000637e-05 2.020389666969111542e-01
5.150000000000000498e-05 1.944347141579874649e-01
5.200000000000001035e-05 1.869907673914854573e-01
5.250000000000000895e-05 1.797079163349750153e-01
5.300000000000000755e-05 1.725875370620808258e-01
5.350000000000000616e-05 1.656299983002817167e-01
5.400000000000000476e-05 1.588356774653332526e-01
5.450000000000001013e-05 1.522074139819406535e-01
5.500000000000000873e-05 1.457496061116630437e-01
5.550000000000000734e-05 1.394674504611736199e-01
5.600000000000000594e-05 1.333653003675208393e-01
5.650000000000000454e-05 1.274459842008898169e-01
5.700000000000000991e-05 1.217133289493947390e-01
5.750000000000000852e-05 1.161707714460210317e-01
5.800000000000000712e-05 1.108183982084129104e-01
5.850000000000000572e-05 1.056558028659100590e-01
5.900000000000001109e-05 1.006831225557004855e-01
5.950000000000000970e-05 9.589915807348864396e-02
6.000000000000000830e-05 9.130140978054113177e-02
6.050000000000000690e-05 8.688777007141204600e-02
6.100000000000000550e-05 8.265685465475781923e-02
6.150000000000001765e-05 7.860391814253288312e-02
6.200000000000000270e-05 7.472280207262393947e-02
6.250000000000001485e-05 7.100684499646585379e-02
6.300000000000001345e-05 6.744951166457788250e-02
6.350000000000001206e-05 6.404471387354622458e-02
6.400000000000001066e-05 6.078598905201801350e-02
6.450000000000000926e-05 5.766646972771139606e-02
6.500000000000000786e-05 5.468076673737689436e-02
6.550000000000000646e-05 5.182399976104441752e-02
6.600000000000000506e-05 4.909113445018530031e-02
6.650000000000000366e-05 4.647685386133201119e-02
6.700000000000001581e-05 4.397652345895534942e-02
6.750000000000001442e-05 4.158548669498159794e-02
6.800000000000001302e-05 3.929886745910825263e-02
6.850000000000001162e-05 3.711279233187318033e-02
6.900000000000001022e-05 3.502458594746665071e-02
6.950000000000000882e-05 3.303186418991671536e-02
7.000000000000000742e-05 3.113177954443462764e-02
7.050000000000000602e-05 2.932165739597674542e-02
7.100000000000000462e-05 2.759951852470054340e-02
7.150000000000001678e-05 2.596401398084598189e-02
7.200000000000001538e-05 2.441270719699959249e-02
7.250000000000001398e-05 2.294270774666569770e-02
7.300000000000001258e-05 2.155175026262849680e-02
7.350000000000001118e-05 2.023809427803981154e-02
7.400000000000000978e-05 1.899892005532885508e-02
7.450000000000000838e-05 1.783143226466064532e-02
7.500000000000000698e-05 1.673343282617802824e-02
7.550000000000000558e-05 1.570208035108221906e-02
7.600000000000001774e-05 1.473407732091679655e-02
7.650000000000001634e-05 1.382640724646302596e-02
7.700000000000001494e-05 1.297638055198514599e-02
7.750000000000001354e-05 1.218078191107125306e-02
7.800000000000001214e-05 1.143631525040174519e-02
7.850000000000001074e-05 1.073996119508671514e-02
7.900000000000000934e-05 1.008884712862148300e-02
7.950000000000000794e-05 9.480003188715443313e-03
8.000000000000000654e-05 8.910554650885067415e-03
8.050000000000001870e-05 8.377798301513477916e-03
8.100000000000001730e-05 7.879154857619577110e-03
8.150000000000001590e-05 7.412190084854561670e-03
8.200000000000001450e-05 6.974587835671576183e-03
8.250000000000001310e-05 6.564275424249877908e-03
8.300000000000001170e-05 6.179431702301921465e-03
8.350000000000001030e-05 5.818394703023309876e-03
8.400000000000000890e-05 5.479632806161365000e-03
8.450000000000000751e-05 5.161726889589935731e-03
8.500000000000000611e-05 4.863337635913523790e-03
8.550000000000001826e-05 4.583223388221675278e-03
8.600000000000001686e-05 4.320231874581952763e-03
8.650000000000001546e-05 4.073307317827429275e-03
8.700000000000001406e-05 3.841495499878513041e-03
8.750000000000001266e-05 3.623932280065948579e-03
8.800000000000001126e-05 3.419855875616430781e-03
8.850000000000000987e-05 3.228579568386441296e-03
8.900000000000000847e-05 3.049488553367705329e-03
8.950000000000000707e-05 2.881985959833695266e-03
9.000000000000001922e-05 2.725459849508007730e-03
9.050000000000001782e-05 2.579330021012586106e-03
9.100000000000001642e-05 2.443055543224846582e-03
9.150000000000001502e-05 2.316087403784830752e-03
9.200000000000001362e-05 2.197906365958625721e-03
9.250000000000001223e-05 2.088037307205253042e-03
9.300000000000001083e-05 1.986036716361861375e-03
9.350000000000000943e-05 1.891484017341949191e-03
9.400000000000000803e-05 1.803981626215934433e-03
9.450000000000002018e-05 1.723158961754394682e-03
9.500000000000001878e-05 1.648687909859376235e-03
9.550000000000001738e-05 1.580269398376637699e-03
9.600000000000001598e-05 1.517633503802085556e-03
9.650000000000001459e-05 1.460528033696187116e-03
9.700000000000001319e-05 1.408703691649339663e-03
9.750000000000001179e-05 1.361936913322411413e-03
9.800000000000001039e-05 1.320026467509650752e-03
9.850000000000000899e-05 1.282769786226557827e-03
9.900000000000002114e-05 1.249983722919828467e-03
9.950000000000001974e-05 1.221499968208481727e-03
1.000000000000000183e-04 1.196337560635659433e-03
1.005000000000000169e-04 1.171116312532676429e-03
1.010000000000000155e-04 1.145027371221716194e-03
1.015000000000000141e-04 1.118096416785116683e-03
1.020000000000000127e-04 1.090349842166333204e-03
1.025000000000000113e-04 1.061814580134696692e-03
1.030000000000000100e-04 1.032518005744135917e-03
1.035000000000000221e-04 1.002487936333177699e-03
1.040000000000000207e-04 9.717526315249499450e-04
1.045000000000000193e-04 9.403407932271761220e-04
1.050000000000000179e-04 9.082815656321792646e-04
1.055000000000000165e-04 8.756044569906190535e-04
1.060000000000000151e-04 8.423393462002437115e-04
1.065000000000000137e-04 8.085165949095638946e-04
1.070000000000000123e-04 7.741668011420049095e-04
1.075000000000000109e-04 7.393207925754934247e-04
1.080000000000000231e-04 7.040096265424560613e-04
1.085000000000000217e-04 6.682645900298239466e-04
1.090000000000000203e-04 6.321171996790259920e-04
1.095000000000000189e-04 5.955991900926202887e-04
1.100000000000000175e-04 5.587423871761458376e-04
1.105000000000000161e-04 5.215789263023709339e-04
1.110000000000000147e-04 4.841410310025050321e-04
1.115000000000000133e-04 4.464609374773310935e-04
1.120000000000000119e-04 4.085708945972054773e-04
1.125000000000000105e-04 3.705031639020572908e-04
1.130000000000000226e-04 3.322900196013882802e-04
1.135000000000000212e-04 2.939637483162576507e-04
1.140000000000000198e-04 2.555565873491049442e-04
1.145000000000000184e-04 2.171007773497928440e-04
1.150000000000000170e-04 1.786284649572350515e-04
1.155000000000000156e-04 1.401716216959801207e-04
1.160000000000000142e-04 1.017620439762113502e-04
1.165000000000000128e-04 6.343135309374678290e-05
1.170000000000000114e-04 2.521099229362605264e-05
1.175000000000000236e-04 -1.286782593452722985e-05
1.180000000000000222e-04 -5.077403438087887987e-05
1.185000000000000208e-04 -8.847685250043746874e-05
1.190000000000000194e-04 -1.259458382702091346e-04
1.195000000000000180e-04 -1.631508881891987651e-04
1.200000000000000166e-04 -2.000622372784100107e-04
1.205000000000000152e-04 -2.366504653238854679e-04
1.210000000000000138e-04 -2.728865265925364109e-04
1.215000000000000124e-04 -3.087416978898901011e-04
1.220000000000000245e-04 -3.441877148760551924e-04
1.225000000000000231e-04 -3.791967965084806920e-04
1.230000000000000353e-04 -4.137416450419626282e-04
1.235000000000000204e-04 -4.477954460286353222e-04
1.240000000000000325e-04 -4.813318976596883247e-04
1.245000000000000447e-04 -5.143251815307158534e-04
1.250000000000000297e-04 -5.467499471737452717e-04
1.255000000000000419e-04 -5.785814572522522247e-04
1.260000000000000269e-04 -6.097955916426403685e-04
1.265000000000000391e-04 -6.403688474342550310e-04
1.270000000000000241e-04 -6.702783389293693337e-04
1.275000000000000363e-04 -6.995018024770166369e-04
1.280000000000000213e-04 -7.280176305409864681e-04
1.285000000000000335e-04 -7.558047585515764808e-04
1.290000000000000456e-04 -7.828428133876535197e-04
1.295000000000000307e-04 -8.091121542938134719e-04
1.300000000000000428e-04 -8.345938728803849530e-04
1.305000000000000279e-04 -8.592697931234195494e-04
1.310000000000000400e-04 -8.831224713647030941e-04
1.315000000000000251e-04 -9.061351984545304482e-04
1.320000000000000372e-04 -9.282920064084457636e-04
1.325000000000000223e-04 -9.495775952711068809e-04
1.330000000000000344e-04 -9.699774474370227760e-04
1.335000000000000466e-04 -9.894778572237682059e-04
1.340000000000000316e-04 -1.008065930871988262e-03
1.345000000000000438e-04 -1.025729586545400755e-03
1.350000000000000288e-04 -1.042457554330789059e-03
1.355000000000000410e-04 -1.058239376236792470e-03
1.360000000000000260e-04 -1.073065388063411483e-03
1.365000000000000382e-04 -1.086926685525853526e-03
1.370000000000000232e-04 -1.099815193645811706e-03
1.375000000000000354e-04 -1.111723683390376631e-03
1.380000000000000475e-04 -1.122645771672031202e-03
1.385000000000000326e-04 -1.132575921348653435e-03
1.390000000000000447e-04 -1.141509441223517111e-03
1.395000000000000298e-04 -1.149442485894796705e-03
1.400000000000000419e-04 -1.156372010918233894e-03
1.405000000000000270e-04 -1.162295783470754457e-03
1.410000000000000391e-04 -1.167212425069444641e-03
1.415000000000000242e-04 -1.171121393356240169e-03
1.420000000000000363e-04 -1.174022982097927765e-03
1.425000000000000485e-04 -1.175918321186144059e-03
1.430000000000000336e-04 -1.176809366606613137e-03
1.435000000000000457e-04 -1.176698876403544682e-03
1.440000000000000308e-04 -1.175590434141758796e-03
1.445000000000000429e-04 -1.173488427766203844e-03
1.450000000000000280e-04 -1.170398048194707134e-03
1.455000000000000401e-04 -1.166325289317973182e-03
1.460000000000000252e-04 -1.161276944984212123e-03
1.465000000000000373e-04 -1.155260573072841536e-03
1.470000000000000495e-04 -1.148284519425080055e-03
1.475000000000000345e-04 -1.140357886898397434e-03
1.480000000000000467e-04 -1.131490524901685238e-03
1.485000000000000317e-04 -1.121693029395261611e-03
1.490000000000000439e-04 -1.110976737196341796e-03
1.495000000000000289e-04 -1.099353689232782571e-03
1.500000000000000411e-04 -1.086836675644331377e-03
1.505000000000000261e-04 -1.073439166232727920e-03
1.510000000000000383e-04 -1.059175296029817286e-03
1.515000000000000504e-04 -1.044059865297553621e-03
1.520000000000000355e-04 -1.028108339527998615e-03
1.525000000000000476e-04 -1.011336837124267958e-03
1.530000000000000327e-04 -9.937620667422762330e-04
1.535000000000000448e-04 -9.754014257379256883e-04
1.540000000000000299e-04 -9.562728811164623258e-04
1.545000000000000420e-04 -9.363949467435370893e-04
1.550000000000000271e-04 -9.157866833452148626e-04
1.555000000000000392e-04 -8.944676985079651459e-04
1.560000000000000514e-04 -8.724581466786702957e-04
1.565000000000000364e-04 -8.497786799818202348e-04
1.570000000000000486e-04 -8.264504291011097372e-04
1.575000000000000336e-04 -8.024950969806588213e-04
1.580000000000000458e-04 -7.779347869607674756e-04
1.585000000000000308e-04 -7.527919960340549808e-04
1.590000000000000430e-04 -7.270896148454497176e-04
1.595000000000000280e-04 -7.008509276921995757e-04
1.600000000000000402e-04 -6.740996125238608947e-04
1.605000000000000523e-04 -6.468597127071281858e-04
1.610000000000000374e-04 -6.191555452290604987e-04
1.615000000000000495e-04 -5.910118890421717057e-04
1.620000000000000346e-04 -5.624537702357958018e-04
1.625000000000000468e-04 -5.335064302954609355e-04
1.630000000000000318e-04 -5.041953261029025277e-04
1.635000000000000440e-04 -4.745461299360505866e-04
1.640000000000000290e-04 -4.445847294690418502e-04
1.645000000000000412e-04 -4.143372270440478697e-04
1.650000000000000262e-04 -3.838298317986537462e-04
1.655000000000000384e-04 -3.530889897784139511e-04
1.660000000000000505e-04 -3.221412942647665974e-04
1.665000000000000356e-04 -2.910133692823844162e-04
1.670000000000000477e-04 -2.597318695991694985e-04
1.675000000000000328e-04 -2.283234807262654110e-04
1.680000000000000449e-04 -1.968149189180433726e-04
1.685000000000000300e-04 -1.652329311721159968e-04
1.690000000000000421e-04 -1.336042533568756574e-04
1.695000000000000272e-04 -1.019556178975037882e-04
1.700000000000000393e-04 -7.031371238891306712e-05
1.705000000000000515e-04 -3.870509691720919209e-05
1.710000000000000365e-04 -7.156203867349377303e-06
1.715000000000000487e-04 2.430666207686287819e-05
1.720000000000000337e-04 5.565733087908073895e-05
1.725000000000000459e-04 8.686980259623618681e-05
1.730000000000000309e-04 1.179181956525791989e-04
1.735000000000000431e-04 1.487768710843126593e-04
1.740000000000000281e-04 1.794204546366730756e-04
1.745000000000000403e-04 2.098238367639440637e-04
1.750000000000000524e-04 2.399621726294442993e-04
1.755000000000000375e-04 2.698109124183213376e-04
1.760000000000000496e-04 2.993457725625608685e-04
1.765000000000000347e-04 3.285427603778697447e-04
1.770000000000000468e-04 3.573782771929170498e-04
1.775000000000000319e-04 3.858291194147429274e-04
1.780000000000000440e-04 4.138724785287712662e-04
1.785000000000000291e-04 4.414859410987973941e-04
1.790000000000000412e-04 4.686475285066338974e-04
1.795000000000000534e-04 4.953356373203325353e-04
1.800000000000000384e-04 5.215290741933092250e-04
1.805000000000000506e-04 5.472071637740294611e-04
1.810000000000000356e-04 5.723497490714394165e-04
1.815000000000000478e-04 5.969371914549759716e-04
1.820000000000000328e-04 6.209503706545567393e-04
1.825000000000000450e-04 6.443706883301362825e-04
1.830000000000000300e-04 6.671801050028784274e-04
1.835000000000000422e-04 6.893610351008028951e-04
1.840000000000000544e-04 7.108964745092111442e-04
1.845000000000000394e-04 7.317700423953406785e-04
1.850000000000000516e-04 7.519659812083680835e-04
1.855000000000000366e-04 7.714691566794011114e-04
1.860000000000000488e-04 7.902650578214878967e-04
1.865000000000000338e-04 8.083397973341006947e-04
1.870000000000000460e-04 8.256801262707865472e-04
1.875000000000000310e-04 8.422733662593657631e-04
1.880000000000000432e-04 8.581074929082541320e-04
1.885000000000000553e-04 8.731711773231029842e-04
1.890000000000000404e-04 8.874537861068021189e-04
1.895000000000000525e-04 9.009453813594821888e-04
1.900000000000000376e-04 9.136367206785088457e-04
1.905000000000000497e-04 9.255192571584891373e-04
1.910000000000000348e-04 9.365851311295788533e-04
1.915000000000000469e-04 9.468271342057573130e-04
1.920000000000000320e-04 9.562387603809551287e-04
1.925000000000000441e-04 9.648142304833601897e-04
1.930000000000000563e-04 9.725484922274214199e-04
1.935000000000000413e-04 9.794372202138509464e-04
1.940000000000000535e-04 9.854768159296247495e-04
1.945000000000000385e-04 9.906644077479803863e-04
1.950000000000000507e-04 9.949978220024108689e-04
1.955000000000000357e-04 9.984755740358878043e-04
1.960000000000000479e-04 1.001096917592121790e-03
1.965000000000000329e-04 1.002861826326733241e-03
1.970000000000000451e-04 1.003770993748149057e-03
1.975000000000000572e-04 1.003825833217602192e-03
1.980000000000000423e-04 1.003028464989199914e-03
1.985000000000000544e-04 1.001381708758841303e-03
1.990000000000000395e-04 9.988890912181105225e-04
1.995000000000000516e-04 9.955548338197125514e-04
2.000000000000000367e-04 9.913838527503108806e-04
2.005000000000000488e-04 9.863817589305262125e-04
2.010000000000000339e-04 9.805548404410370945e-04
2.015000000000000460e-04 9.739100593911133698e-04
2.020000000000000582e-04 9.664550503844548165e-04
2.025000000000000432e-04 9.581980968135997293e-04
2.030000000000000554e-04 9.491481308189673397e-04
2.035000000000000404e-04 9.393147332888615022e-04
2.040000000000000526e-04 9.287081162875598624e-04
2.045000000000000377e-04 9.173391102057046765e-04
2.050000000000000498e-04 9.052191845668574243e-04
2.055000000000000349e-04 8.923603879624296799e-04
2.060000000000000470e-04 8.787753458826164273e-04
2.065000000000000592e-04 8.644772607164006141e-04
2.070000000000000442e-04 8.494799117515514173e-04
2.075000000000000564e-04 8.337976329395388334e-04
2.080000000000000414e-04 8.174452757507462159e-04
2.085000000000000536e-04 8.004382826212791315e-04
2.090000000000000386e-04 7.827925768506432437e-04
2.095000000000000508e-04 7.645245537939729602e-04
2.100000000000000358e-04 7.456510808620384805e-04
2.105000000000000480e-04 7.261894975212383144e-04
2.110000000000000601e-04 7.061576152936057879e-04
2.115000000000000452e-04 6.855736631565753116e-04
2.120000000000000573e-04 6.644562941776262785e-04
2.125000000000000424e-04 6.428246429083041323e-04
2.130000000000000545e-04 6.206981829687112937e-04
2.135000000000000396e-04 5.980967243544636726e-04
2.140000000000000517e-04 5.750404134366817778e-04
2.145000000000000368e-04 5.515497329619997160e-04
2.150000000000000489e-04 5.276455020525556506e-04
2.155000000000000611e-04 5.033488476961464923e-04
2.160000000000000461e-04 4.786811298407825550e-04
2.165000000000000583e-04 4.536640999260206902e-04
2.170000000000000433e-04 4.283197121137750961e-04
2.175000000000000555e-04 4.026700997667394038e-04
2.180000000000000405e-04 3.767375754483980065e-04
2.185000000000000527e-04 3.505446309230145132e-04
2.190000000000000377e-04 3.241139371556433493e-04
2.195000000000000499e-04 2.974683423854493163e-04
2.200000000000000620e-04 2.706307745127962397e-04
2.205000000000000471e-04 2.436243664542617215e-04
2.210000000000000592e-04 2.164723533311957871e-04
2.215000000000000443e-04 1.891979878526775863e-04
2.220000000000000564e-04 1.618245403155037113e-04
2.225000000000000415e-04 1.343752986041999331e-04
2.230000000000000536e-04 1.068735681910092485e-04
2.235000000000000387e-04 7.934267165670624573e-05
2.240000000000000508e-04 5.180590067631634830e-05
2.245000000000000359e-04 2.428654584184033213e-05
2.250000000000000481e-04 -3.192174382831667072e-06
2.255000000000000602e-04 -3.060716244253445378e-05
2.260000000000000453e-04 -5.793544169083205526e-05
2.265000000000000574e-04 -8.515415639002247845e-05
2.270000000000000425e-04 -1.122405845399151249e-04
2.275000000000000546e-04 -1.391721518531650946e-04
2.280000000000000397e-04 -1.659264207285229267e-04
2.285000000000000518e-04 -1.924811866237934206e-04
2.290000000000000369e-04 -2.188144842455438466e-04
2.295000000000000490e-04 -2.449045875491154245e-04
2.300000000000000612e-04 -2.707300141662003358e-04
2.305000000000000462e-04 -2.962695670368435241e-04
2.310000000000000584e-04 -3.215022489775162156e-04
2.315000000000000434e-04 -3.464073841847939688e-04
2.320000000000000556e-04 -3.709646531788695473e-04
2.325000000000000406e-04 -3.951540928035422945e-04
2.330000000000000528e-04 -4.189560962262289757e-04
2.335000000000000378e-04 -4.423514134643477275e-04
2.340000000000000500e-04 -4.653211990788887762e-04
2.345000000000000621e-04 -4.878469211999524242e-04
2.350000000000000472e-04 -5.099104481739619469e-04
2.355000000000000593e-04 -5.314941164690097607e-04
2.360000000000000444e-04 -5.525807306748493995e-04
2.365000000000000565e-04 -5.731535635029051104e-04
2.370000000000000416e-04 -5.931963557862620414e-04
2.375000000000000537e-04 -6.126933193965831666e-04
2.380000000000000388e-04 -6.316291708328079487e-04
2.385000000000000509e-04 -6.499890373317834032e-04
2.390000000000000631e-04 -6.677585685391026907e-04
2.395000000000000481e-04 -6.849239751192347497e-04
2.400000000000000603e-04 -7.014720287555271157e-04
2.405000000000000453e-04 -7.173900621501994165e-04
2.410000000000000575e-04 -7.326659690243507439e-04
2.415000000000000425e-04 -7.472882041179676775e-04
2.420000000000000547e-04 -7.612457941052427381e-04
2.425000000000000397e-04 -7.745282868528865182e-04
2.430000000000000519e-04 -7.871258067381332836e-04
2.435000000000000640e-04 -7.990291007586548203e-04
2.440000000000000491e-04 -8.102295385325629287e-04
2.445000000000000341e-04 -8.207191122984105070e-04
2.450000000000000463e-04 -8.304904369151899259e-04
2.455000000000000585e-04 -8.395367498623325939e-04
2.460000000000000706e-04 -8.478519009766149811e-04
2.465000000000000286e-04 -8.554303232919174479e-04
2.470000000000000407e-04 -8.622670876111829599e-04
2.475000000000000529e-04 -8.683579101316613817e-04
2.480000000000000650e-04 -8.736991518959951559e-04
2.485000000000000772e-04 -8.782878187922187616e-04
2.490000000000000351e-04 -8.821215615537582799e-04
2.495000000000000473e-04 -8.851986655626221771e-04
2.500000000000000594e-04 -8.875180333363635182e-04
2.505000000000000716e-04 -8.890792155768494250e-04
2.510000000000000295e-04 -8.898824038465928199e-04
2.515000000000000417e-04 -8.899284301245920931e-04
2.520000000000000538e-04 -8.892187667628527513e-04
2.525000000000000660e-04 -8.877555140800082178e-04
2.530000000000000781e-04 -8.855413990231031851e-04
2.535000000000000361e-04 -8.825797758060383155e-04
2.540000000000000482e-04 -8.788746187734925970e-04
2.545000000000000604e-04 -8.744305224009255115e-04
2.550000000000000725e-04 -8.692526995765954834e-04
2.555000000000000305e-04 -8.633469610881217091e-04
2.560000000000000426e-04 -8.567197298950713930e-04
2.565000000000000548e-04 -8.493780174836340320e-04
2.570000000000000669e-04 -8.413294166313165044e-04
2.575000000000000791e-04 -8.325821014069431777e-04
2.580000000000000370e-04 -8.231448271521775266e-04
2.585000000000000492e-04 -8.130269005140143817e-04
2.590000000000000613e-04 -8.022381986800984546e-04
2.595000000000000735e-04 -7.907891522985681463e-04
2.600000000000000314e-04 -7.786907092637853581e-04
2.605000000000000436e-04 -7.659543347163312631e-04
2.610000000000000557e-04 -7.525920110430134617e-04
2.615000000000000679e-04 -7.386162378768609945e-04
2.620000000000000800e-04 -7.240399970917281913e-04
2.625000000000000380e-04 -7.088767525304530935e-04
2.630000000000000501e-04 -6.931404807380417898e-04
2.635000000000000623e-04 -6.768455830738587557e-04
2.640000000000000745e-04 -6.600068841488728041e-04
2.645000000000000324e-04 -6.426396318256607718e-04
2.650000000000000445e-04 -6.247594972183999297e-04
2.655000000000000567e-04 -6.063825746928792589e-04
2.660000000000000689e-04 -5.875253119662039378e-04
2.665000000000000810e-04 -5.682045685937854411e-04
2.670000000000000390e-04 -5.484376061413568683e-04
2.675000000000000511e-04 -5.282419874282360053e-04
2.680000000000000633e-04 -5.076355765142400887e-04
2.685000000000000754e-04 -4.866365386996770776e-04
2.690000000000000334e-04 -4.652633405253505327e-04
2.695000000000000455e-04 -4.435347497725500212e-04
2.700000000000000577e-04 -4.214697953858971189e-04
2.705000000000000698e-04 -3.990877323825702352e-04
2.710000000000000820e-04 -3.764081523583783602e-04
2.715000000000000399e-04 -3.534508164561845603e-04
2.720000000000000521e-04 -3.302356455984074282e-04
2.725000000000000642e-04 -3.067827204870357733e-04
2.730000000000000764e-04 -2.831122816036190813e-04
2.735000000000000343e-04 -2.592447292092720131e-04
2.740000000000000465e-04 -2.352006163454811066e-04
2.745000000000000586e-04 -2.110005610426451278e-04
2.750000000000000708e-04 -1.866653772598191713e-04
2.755000000000000829e-04 -1.622159424823003786e-04
2.760000000000000409e-04 -1.376731486164416846e-04
2.765000000000000530e-04 -1.130579019896413827e-04
2.770000000000000652e-04 -8.839112335035870997e-05
2.775000000000000773e-04 -6.369374786810362869e-05
2.780000000000000353e-04 -3.898672034367860932e-05
2.785000000000000474e-04 -1.429093571150326917e-05
2.790000000000000596e-04 1.037268251951687097e-05
2.795000000000000717e-04 3.498329363527976060e-05
2.800000000000000839e-04 5.952017579593266053e-05
2.805000000000000418e-04 8.396272603586926297e-05
2.810000000000000540e-04 1.082904602637405674e-04
2.815000000000000661e-04 1.324830133165070211e-04
2.820000000000000783e-04 1.565201737224837986e-04
2.825000000000000362e-04 1.803818502594897342e-04
2.830000000000000484e-04 2.040481314707881630e-04
2.835000000000000605e-04 2.274993400525246706e-04
2.840000000000000727e-04 2.507160328537372035e-04
2.845000000000000849e-04 2.736790008763536567e-04
2.850000000000000428e-04 2.963692749932866541e-04
2.855000000000000549e-04 3.187681646875585475e-04
2.860000000000000671e-04 3.408571731417183760e-04
2.865000000000000793e-04 3.626181171518046316e-04
2.870000000000000372e-04 3.840331563849238780e-04
2.875000000000000494e-04 4.050847933792600208e-04
2.880000000000000615e-04 4.257558735440602126e-04
2.885000000000000737e-04 4.460295851596441773e-04
2.890000000000000858e-04 4.658894917424223191e-04
2.895000000000000438e-04 4.853194879736841445e-04
2.900000000000000559e-04 5.043038120653598345e-04
2.905000000000000681e-04 5.228271449673270021e-04
2.910000000000000802e-04 5.408746111346228328e-04
2.915000000000000382e-04 5.584317785274405064e-04
2.920000000000000503e-04 5.754846586111367866e-04
2.925000000000000625e-04 5.920197063562198780e-04
2.930000000000000746e-04 6.080238421665935854e-04
2.935000000000000868e-04 6.234844115684952089e-04
2.940000000000000447e-04 6.383891972886602921e-04
2.945000000000000569e-04 6.527265048867241827e-04
2.950000000000000690e-04 6.664851636844063877e-04
2.955000000000000812e-04 6.796545267655171871e-04
2.960000000000000391e-04 6.922244709759548149e-04
2.965000000000000513e-04 7.041853969237107718e-04
2.970000000000000634e-04 7.155282318225588680e-04
2.975000000000000756e-04 7.262444141064074979e-04
2.980000000000000877e-04 7.363258822182761022e-04
2.985000000000000457e-04 7.457651421575451885e-04
2.990000000000000578e-04 7.545552730946025570e-04
2.995000000000000700e-04 7.626899273708374460e-04
3.000000000000000821e-04 7.701633304986442181e-04
3.005000000000000401e-04 7.769702811614211677e-04
3.010000000000000522e-04 7.831061492546688386e-04
3.015000000000000644e-04 7.885668425732839147e-04
3.020000000000000765e-04 7.933488381484651636e-04
3.025000000000000887e-04 7.974492034282211960e-04
3.030000000000000466e-04 8.008655926672821100e-04
3.035000000000000588e-04 8.035962469271014418e-04
3.040000000000000709e-04 8.056399940758534554e-04
3.045000000000000831e-04 8.069962422782494746e-04
3.050000000000000410e-04 8.076649632746151679e-04
3.055000000000000532e-04 8.076467145060771055e-04
3.060000000000000654e-04 8.069426332828652211e-04
3.065000000000000775e-04 8.055544361668219447e-04
3.070000000000000897e-04 8.034844189714028528e-04
3.075000000000000476e-04 8.007354463376580326e-04
3.080000000000000598e-04 7.973109476402932437e-04
3.085000000000000719e-04 7.932149186214211035e-04
3.090000000000000841e-04 7.884519125136623058e-04
3.095000000000000420e-04 7.830270400399095892e-04
3.100000000000000542e-04 7.769459658086774138e-04
3.105000000000000663e-04 7.702148923917085657e-04
3.110000000000000785e-04 7.628405745781787449e-04
3.115000000000000906e-04 7.548302899759033778e-04
3.120000000000000486e-04 7.461918349189448517e-04
3.125000000000000607e-04 7.369335244676083942e-04
3.130000000000000729e-04 7.270641924084477120e-04
3.135000000000000850e-04 7.165931673945296222e-04
3.140000000000000430e-04 7.055302737832930228e-04
3.145000000000000551e-04 6.938858417317463577e-04
3.150000000000000673e-04 6.816706555591073215e-04
3.155000000000000794e-04 6.688959531842955707e-04
3.160000000000000916e-04 6.555734261259338076e-04
3.165000000000000495e-04 6.417152195023498405e-04
3.170000000000000617e-04 6.273339207805007749e-04
3.175000000000000738e-04 6.124425055041226532e-04
3.180000000000000860e-04 5.970544252980599731e-04
3.185000000000000439e-04 5.811835109308043741e-04
3.190000000000000561e-04 5.648439540795580733e-04
3.195000000000000682e-04 5.480503073302444910e-04
3.200000000000000804e-04 5.308174841775013114e-04
3.205000000000000925e-04 5.131607590246818921e-04
3.210000000000000505e-04 4.950957522672009810e-04
3.215000000000000626e-04 4.766383580617653904e-04
3.220000000000000748e-04 4.578048727824604765e-04
3.225000000000000869e-04 4.386118625175413222e-04
3.230000000000000449e-04 4.190761370498664071e-04
3.235000000000000570e-04 3.992147498568890960e-04
3.240000000000000692e-04 3.790449981106703246e-04
3.245000000000000813e-04 3.585844226778704680e-04
3.250000000000000393e-04 3.378508076326419154e-04
3.255000000000000514e-04 3.168620949929935090e-04
3.260000000000000636e-04 2.956364818551778829e-04
3.265000000000000758e-04 2.741923659082864517e-04
3.270000000000000879e-04 2.525482565477760871e-04
3.275000000000000458e-04 2.307227748754720191e-04
3.280000000000000580e-04 2.087346536995576709e-04
3.285000000000000702e-04 1.866027375345894856e-04
3.290000000000000823e-04 1.643459826014869514e-04
3.295000000000000403e-04 1.419834295710186345e-04
3.300000000000000524e-04 1.195341809558130621e-04
3.305000000000000646e-04 9.701742770739014456e-05
3.310000000000000767e-04 7.445235253979654770e-05
3.315000000000000889e-04 5.185812639916087660e-05
3.320000000000000468e-04 2.925390846369616904e-05
3.325000000000000590e-04 6.658846143689988676e-06
3.330000000000000711e-04 -1.590794834105066581e-05
3.335000000000000833e-04 -3.842739767217269469e-05
3.340000000000000412e-04 -6.088045175264523371e-05
3.345000000000000534e-04 -8.324818190536662399e-05
3.350000000000000655e-04 -1.055117834657185843e-04
3.355000000000000777e-04 -1.276525757815759451e-04
3.360000000000000898e-04 -1.496520022133042568e-04
3.365000000000000478e-04 -1.714916521089916582e-04
3.370000000000000599e-04 -1.931532538852719625e-04
3.375000000000000721e-04 -2.146186781564066246e-04
3.380000000000000842e-04 -2.358700234936409281e-04
3.385000000000000422e-04 -2.568896182541792429e-04
3.390000000000000543e-04 -2.776600205811940785e-04
3.395000000000000665e-04 -2.981640184038123419e-04
3.400000000000000786e-04 -3.183846591835375679e-04
3.405000000000000908e-04 -3.383052191031471999e-04
3.410000000000000487e-04 -3.579092084246037527e-04
3.415000000000000609e-04 -3.771804673450960708e-04
3.420000000000000730e-04 -3.961031670771922222e-04
3.425000000000000852e-04 -4.146618098488479010e-04
3.430000000000000431e-04 -4.328412289034024160e-04
3.435000000000000553e-04 -4.506265907781510953e-04
3.440000000000000674e-04 -4.680034354033815736e-04
3.445000000000000796e-04 -4.849575858697745137e-04
3.450000000000000917e-04 -5.014752461207839422e-04
3.455000000000000497e-04 -5.175430425637685648e-04
3.460000000000000618e-04 -5.331480240699988139e-04
3.465000000000000740e-04 -5.482776619746458982e-04
3.470000000000000862e-04 -5.629198500767898256e-04
3.475000000000000441e-04 -5.770629047991941577e-04
3.480000000000000563e-04 -5.906955898112233212e-04
3.485000000000000684e-04 -6.038070528802647703e-04
3.490000000000000806e-04 -6.163868863319189005e-04
3.495000000000000927e-04 -6.284251753279038351e-04
3.500000000000000507e-04 -6.399124978660548826e-04
3.505000000000000628e-04 -6.508399247803286570e-04
3.510000000000000750e-04 -6.611990197407965723e-04
3.515000000000000871e-04 -6.709818392536491798e-04
3.520000000000000451e-04 -6.801809343225020260e-04
3.525000000000000572e-04 -6.887893261362023354e-04
3.530000000000000694e-04 -6.968005219126083153e-04
3.535000000000000815e-04 -7.042085607754641546e-04
3.540000000000000937e-04 -7.110080151578618973e-04
3.545000000000000516e-04 -7.171939908022412257e-04
3.550000000000000638e-04 -7.227621267603913033e-04
3.555000000000000759e-04 -7.277085953934473057e-04
3.560000000000000881e-04 -7.320300955754391065e-04
3.565000000000000460e-04 -7.357238229617940649e-04
3.570000000000000582e-04 -7.387875162226291773e-04
3.575000000000000703e-04 -7.412194572655174353e-04
3.580000000000000825e-04 -7.430184692822521843e-04
3.585000000000000946e-04 -7.441839167488474484e-04
3.590000000000000526e-04 -7.447157047393537484e-04
3.595000000000000647e-04 -7.446142637775938393e-04
3.600000000000000769e-04 -7.438805560449324693e-04
3.605000000000000890e-04 -7.425160781389748138e-04
3.610000000000000470e-04 -7.405228585082964310e-04
3.615000000000000591e-04 -7.379034574524419602e-04
3.620000000000000713e-04 -7.346609671219270742e-04
3.625000000000000834e-04 -7.307989972148419035e-04
3.630000000000000956e-04 -7.263216726351645136e-04
3.635000000000000535e-04 -7.212336364270382919e-04
3.640000000000000657e-04 -7.155400370197237360e-04
3.645000000000000778e-04 -7.092465282275464125e-04
3.650000000000000900e-04 -7.023592692498944632e-04
3.655000000000000479e-04 -6.948849071667317044e-04
3.660000000000000601e-04 -6.868305820228545354e-04
3.665000000000000722e-04 -6.782039213578805589e-04
3.670000000000000844e-04 -6.690130137891574106e-04
3.675000000000000966e-04 -6.592664089873338405e-04
3.680000000000000545e-04 -6.489731176763602555e-04
3.685000000000000667e-04 -6.381426116334847076e-04
3.690000000000000788e-04 -6.267847888995398999e-04
3.695000000000000910e-04 -6.149099947190499313e-04
3.700000000000000489e-04 -6.025290152797358953e-04
3.705000000000000611e-04 -5.896530281853036874e-04
3.710000000000000732e-04 -5.762936024421165581e-04
3.715000000000000854e-04 -5.624626984591898004e-04
3.720000000000000975e-04 -5.481726680481919427e-04
3.725000000000000555e-04 -5.334362490024968781e-04
3.730000000000000676e-04 -5.182664985617992407e-04
3.735000000000000798e-04 -5.026768899749365976e-04
3.740000000000000919e-04 -4.866812263398186166e-04
3.745000000000000499e-04 -4.702936072775243739e-04
3.750000000000000620e-04 -4.535284289322954153e-04
3.755000000000000742e-04 -4.364003839715462725e-04
3.760000000000000863e-04 -4.189244615858576330e-04
3.765000000000000985e-04 -4.011159465138066879e-04
3.770000000000000564e-04 -3.829903384557252965e-04
3.775000000000000686e-04 -3.645634497398724449e-04
3.780000000000000807e-04 -3.458513466332861406e-04
3.785000000000000929e-04 -3.268702767173908559e-04
3.790000000000000508e-04 -3.076366688880014313e-04
3.795000000000000630e-04 -2.881671333553150523e-04
3.800000000000000751e-04 -2.684784616439233381e-04
3.805000000000000873e-04 -2.485876265928043728e-04
3.810000000000000994e-04 -2.285117488689469508e-04
3.815000000000000574e-04 -2.082680693072721666e-04
3.820000000000000695e-04 -1.878740324155885348e-04
3.825000000000000817e-04 -1.673471475691827939e-04
3.830000000000000938e-04 -1.467049813673548624e-04
3.835000000000000518e-04 -1.259651576334223921e-04
3.840000000000000639e-04 -1.051453574147117698e-04
3.845000000000000761e-04 -8.426331898257153350e-05
3.850000000000000882e-04 -6.333682789094890217e-05
3.855000000000001004e-04 -4.238367673166762884e-05
3.860000000000000583e-04 -2.142169986135270584e-05
3.865000000000000705e-04 -4.686894671043090061e-07
3.870000000000000826e-04 2.045761523272671340e-05
3.875000000000000948e-04 4.133952798854794797e-05
3.880000000000000527e-04 6.215941551952088961e-05
3.885000000000000649e-04 8.289972080838076357e-05
3.890000000000000771e-04 1.035429487270831468e-04
3.895000000000000892e-04 1.240716934008007652e-04
3.900000000000001014e-04 1.444686982647568605e-04
3.905000000000000593e-04 1.647168563295151099e-04
3.910000000000000715e-04 1.847992101809881776e-04
3.915000000000000836e-04 2.046989579049801741e-04
3.920000000000000958e-04 2.243994849608180490e-04
3.925000000000000537e-04 2.438842973374555584e-04
3.930000000000000659e-04 2.631371253967880984e-04
3.935000000000000780e-04 2.821419454468477857e-04
3.940000000000000902e-04 3.008829797418118598e-04
3.945000000000001023e-04 3.193446964820007049e-04
3.950000000000000603e-04 3.375118103410649486e-04
3.955000000000000724e-04 3.553693244763270111e-04
3.960000000000000846e-04 3.729024546222277098e-04
3.965000000000000967e-04 3.900967002883484009e-04
3.970000000000000547e-04 4.069379002463981631e-04
3.975000000000000668e-04 4.234122325302209534e-04
3.980000000000000790e-04 4.395062144357849820e-04
3.985000000000000911e-04 4.552067025211897593e-04
3.990000000000001033e-04 4.705008944700324368e-04
3.995000000000000612e-04 4.853763633724855666e-04
4.000000000000000734e-04 4.998209761981112741e-04
4.005000000000000855e-04 5.138229812876628222e-04
4.010000000000000977e-04 5.273710464361966877e-04
4.015000000000000556e-04 5.404542588930690917e-04
4.020000000000000678e-04 5.530621253619418540e-04
4.025000000000000799e-04 5.651845720007741538e-04
4.030000000000000921e-04 5.768119444218277334e-04
4.035000000000001042e-04 5.879350203968617588e-04
4.040000000000000622e-04 5.985449734102029273e-04
4.045000000000000743e-04 6.086333993068839161e-04
4.050000000000000865e-04 6.181923699577215143e-04
4.055000000000000986e-04 6.272144335147759051e-04
4.060000000000000566e-04 6.356926144113489311e-04
4.065000000000000687e-04 6.436204133619870217e-04
4.070000000000000809e-04 6.509918073624765310e-04
4.075000000000000931e-04 6.578012465556387113e-04
4.080000000000001052e-04 6.640436301038580994e-04
4.085000000000000631e-04 6.697143384792553309e-04
4.090000000000000753e-04 6.748092538715023351e-04
4.095000000000000875e-04 6.793247599349139633e-04
4.100000000000000996e-04 6.832577417884505913e-04
4.105000000000000576e-04 6.866055860157167096e-04
4.110000000000000697e-04 6.893661777779002157e-04
4.115000000000000819e-04 6.915378818426352533e-04
4.120000000000000940e-04 6.931195650943214499e-04
4.125000000000001062e-04 6.941105996238043380e-04
4.130000000000000641e-04 6.945108613897118003e-04
4.135000000000000763e-04 6.943207302184540696e-04
4.140000000000000884e-04 6.935410862892745464e-04
4.145000000000001006e-04 6.921732991968338952e-04
4.150000000000000585e-04 6.902192368548791881e-04
4.155000000000000707e-04 6.876812602266871950e-04
4.160000000000000828e-04 6.845622228476986237e-04
4.165000000000000950e-04 6.808654708255176867e-04
4.170000000000001071e-04 6.765948343189513627e-04
4.175000000000000651e-04 6.717546214573508504e-04
4.180000000000000772e-04 6.663496216043225933e-04
4.185000000000000894e-04 6.603850906361190395e-04
4.190000000000001015e-04 6.538667507739075787e-04
4.195000000000000595e-04 6.468007905837714093e-04
4.200000000000000716e-04 6.391938578323571544e-04
4.205000000000000838e-04 6.310530402312302571e-04
4.210000000000000959e-04 6.223858897853996961e-04
4.215000000000001081e-04 6.132003830864869547e-04
4.220000000000000660e-04 6.035049173404719632e-04
4.225000000000000782e-04 5.933083103676885456e-04
4.230000000000000903e-04 5.826198006028308158e-04
4.235000000000001025e-04 5.714490399513715534e-04
4.240000000000000604e-04 5.598060518687119486e-04
4.245000000000000726e-04 5.477012928416434513e-04
4.250000000000000847e-04 5.351455847130609554e-04
4.255000000000000969e-04 5.221501001893772819e-04
4.260000000000001090e-04 5.087263628405246964e-04
4.265000000000000670e-04 4.948862470999563189e-04
4.270000000000000791e-04 4.806419782646398895e-04
4.275000000000000913e-04 4.660061105682958759e-04
4.280000000000001035e-04 4.509914906159468817e-04
4.285000000000000614e-04 4.356113396461588276e-04
4.290000000000000735e-04 4.198791458653383180e-04
4.295000000000000857e-04 4.038086553337285473e-04
4.300000000000000979e-04 3.874138719654024151e-04
4.305000000000001100e-04 3.707090575282644780e-04
4.310000000000000680e-04 3.537087316440524674e-04
4.315000000000000801e-04 3.364276631671458007e-04
4.320000000000000923e-04 3.188807935136289467e-04
4.325000000000001044e-04 3.010833604261804416e-04
4.330000000000000624e-04 2.830507843307634996e-04
4.335000000000000745e-04 2.647986329648397840e-04
4.340000000000000867e-04 2.463426213773812785e-04
4.345000000000000988e-04 2.276986119288625901e-04
4.350000000000001110e-04 2.088826142912626836e-04
4.355000000000000689e-04 1.899107854480670766e-04
4.360000000000000811e-04 1.707993756793951064e-04
4.365000000000000932e-04 1.515647634340620083e-04
4.370000000000001054e-04 1.322234578855473468e-04
4.375000000000000633e-04 1.127919994769231656e-04
4.380000000000000755e-04 9.328695961834062883e-05
4.385000000000000876e-04 7.372494068704262547e-05
4.390000000000000998e-04 5.412257602735527141e-05
4.395000000000001119e-04 3.449652995069020013e-05
4.400000000000000699e-04 1.486346552536803355e-05
4.405000000000000820e-04 -4.759948708275668595e-06
4.410000000000000942e-04 -2.435703467520576506e-05
4.415000000000001063e-04 -4.391119103614792658e-05
4.420000000000000643e-04 -6.340589431008299950e-05
4.425000000000000764e-04 -8.282469887425544222e-05
4.430000000000000886e-04 -1.021512369641605384e-04
4.435000000000001007e-04 -1.213692266640798627e-04
4.440000000000001129e-04 -1.404624977206177293e-04
4.445000000000000708e-04 -1.594149553733072416e-04
4.450000000000000830e-04 -1.782106675959579424e-04
4.455000000000000951e-04 -1.968338763618231613e-04
4.460000000000001073e-04 -2.152689976436083087e-04
4.465000000000000652e-04 -2.335006214134670809e-04
4.470000000000000774e-04 -2.515135262013680983e-04
4.475000000000000895e-04 -2.692926891267568754e-04
4.480000000000001017e-04 -2.868232396703319356e-04
4.485000000000000596e-04 -3.040905646408026712e-04
4.490000000000000718e-04 -3.210803161225961539e-04
4.495000000000000840e-04 -3.377784114758459674e-04
4.500000000000000961e-04 -3.541710333363996344e-04
4.505000000000001083e-04 -3.702446296457701349e-04
4.510000000000000662e-04 -3.859859500841788496e-04
4.515000000000000784e-04 -4.013819833161709721e-04
4.520000000000000905e-04 -4.164200041910542157e-04
4.525000000000001027e-04 -4.310876375796748481e-04
4.530000000000000606e-04 -4.453728583744142764e-04
4.535000000000000728e-04 -4.592639914891953894e-04
4.540000000000000849e-04 -4.727497118594731250e-04
4.545000000000000971e-04 -4.858190444422407590e-04
4.550000000000001092e-04 -4.984613855236426968e-04
4.555000000000000672e-04 -5.106664633220047919e-04
4.560000000000000793e-04 -5.224243559654814404e-04
4.565000000000000915e-04 -5.337255595367170662e-04
4.570000000000001036e-04 -5.445609884312185237e-04
4.575000000000000616e-04 -5.549219753573522793e-04
4.580000000000000737e-04 -5.648002713363492900e-04
4.585000000000000859e-04 -5.741880457022979561e-04
4.590000000000000980e-04 -5.830778887445283712e-04
4.595000000000001102e-04 -5.914628019236479930e-04
4.600000000000000681e-04 -5.993361841401341397e-04
4.605000000000000803e-04 -6.066918902220323978e-04
4.610000000000000924e-04 -6.135242364202517056e-04
4.615000000000001046e-04 -6.198280004085681468e-04
4.620000000000000625e-04 -6.255984212836230001e-04
4.625000000000000747e-04 -6.308311995649252320e-04
4.630000000000000868e-04 -6.355224961265996736e-04
4.635000000000000990e-04 -6.396689068818126218e-04
4.640000000000001111e-04 -6.432674845389702457e-04
4.645000000000000691e-04 -6.463157595977465269e-04
4.650000000000000812e-04 -6.488117374304634873e-04
4.655000000000000934e-04 -6.507538982820879362e-04
4.660000000000001055e-04 -6.521411972702337474e-04
4.665000000000000635e-04 -6.529730594956406706e-04
4.670000000000000756e-04 -6.532493675240399079e-04
4.675000000000000878e-04 -6.529704782650574448e-04
4.680000000000000999e-04 -6.521372199618579802e-04
4.685000000000001121e-04 -6.507508918165294401e-04
4.690000000000000700e-04 -6.488132639900826525e-04
4.695000000000000822e-04 -6.463265705921641393e-04
4.700000000000000944e-04 -6.432935033546511141e-04
4.705000000000001065e-04 -6.397172165999692305e-04
4.710000000000000644e-04 -6.356013191672425094e-04
4.715000000000000766e-04 -6.309498743482864873e-04
4.720000000000000888e-04 -6.257673991576665016e-04
4.725000000000001009e-04 -6.200588487380064625e-04
4.730000000000001131e-04 -6.138296285258230565e-04
4.735000000000000710e-04 -6.070855756609807360e-04
4.740000000000000832e-04 -5.998329506747192980e-04
4.745000000000000953e-04 -5.920784374896590884e-04
4.750000000000001075e-04 -5.838291434197974243e-04
4.755000000000000654e-04 -5.750925921757773021e-04
4.760000000000000776e-04 -5.658766966982592926e-04
4.765000000000000897e-04 -5.561897970034805844e-04
4.770000000000001019e-04 -5.460406108680984248e-04
4.775000000000001140e-04 -5.354382266360328086e-04
4.780000000000000720e-04 -5.243921032184670206e-04
4.785000000000000841e-04 -5.129120700938431896e-04
4.790000000000000963e-04 -5.010083272496347780e-04
4.795000000000001084e-04 -4.886913995267712319e-04
4.800000000000000664e-04 -4.759721771564823711e-04
4.805000000000000785e-04 -4.628618977885871379e-04
4.810000000000000907e-04 -4.493720939778280354e-04
4.815000000000001028e-04 -4.355145931838653810e-04
4.820000000000001150e-04 -4.213015177712790414e-04
4.825000000000000729e-04 -4.067452850095697333e-04
4.830000000000000851e-04 -3.918586070731527350e-04
4.835000000000000972e-04 -3.766544345291517851e-04
4.840000000000001094e-04 -3.611460034651114048e-04
4.845000000000000673e-04 -3.453468297488539998e-04
4.850000000000000795e-04 -3.292706281388669805e-04
4.855000000000000916e-04 -3.129313122729626044e-04
4.860000000000001038e-04 -2.963429946682708200e-04
4.865000000000001159e-04 -2.795199867212410554e-04
4.870000000000000739e-04 -2.624767987076441164e-04
4.875000000000000860e-04 -2.452281171339917463e-04
4.880000000000000982e-04 -2.277887595882032172e-04
4.885000000000001103e-04 -2.101737746850518068e-04
4.890000000000000683e-04 -1.923983142660086801e-04
4.895000000000000262e-04 -1.744776206705649958e-04
4.900000000000000926e-04 -1.564270267362339933e-04
4.905000000000000505e-04 -1.382619557985644639e-04
4.910000000000000085e-04 -1.199979216911174946e-04
4.915000000000000748e-04 -1.016505259250175160e-04
4.920000000000000328e-04 -8.323540751578518049e-05
4.924999999999999907e-04 -6.476829197207923197e-05
4.930000000000000571e-04 -4.626492189452870933e-05
4.935000000000000150e-04 -2.774102901130788665e-05
4.940000000000000814e-04 -9.212334178108151682e-06
4.945000000000000394e-04 9.305452621829684938e-06
4.949999999999999973e-04 2.779663590605632048e-05
4.955000000000000637e-04 4.624556921762210197e-05
4.960000000000000216e-04 6.463660532438764280e-05
4.965000000000000880e-04 8.295417803570594802e-05
4.970000000000000459e-04 1.011828241785514505e-04
4.975000000000000039e-04 1.193071835975478514e-04
4.980000000000000702e-04 1.373119991549561869e-04
4.985000000000000282e-04 1.551821170784839444e-04
4.990000000000000945e-04 1.729024994179282693e-04
4.995000000000000525e-04 1.904582558429589179e-04
5.000000000000000104e-04 2.078346582614668762e-04
